8.000000e+02 1.000000e-01
8.000000e+02 1.042404e-01
8.000000e+02 1.086605e-01
8.000000e+02 1.132681e-01
8.000000e+02 1.180711e-01
8.000000e+02 1.230777e-01
8.000000e+02 1.282967e-01
8.000000e+02 1.337369e-01
8.000000e+02 1.394078e-01
8.000000e+02 1.453192e-01
8.000000e+02 1.514813e-01
8.000000e+02 1.579046e-01
8.000000e+02 1.646003e-01
8.000000e+02 1.715800e-01
8.000000e+02 1.788556e-01
8.000000e+02 1.864397e-01
8.000000e+02 1.943452e-01
8.000000e+02 2.025861e-01
8.000000e+02 2.111765e-01
8.000000e+02 2.201311e-01
8.000000e+02 2.294654e-01
8.000000e+02 2.391956e-01
8.000000e+02 2.493383e-01
8.000000e+02 2.599112e-01
8.000000e+02 2.709323e-01
8.000000e+02 2.824208e-01
8.000000e+02 2.943965e-01
8.000000e+02 3.068800e-01
8.000000e+02 3.198928e-01
8.000000e+02 3.334573e-01
8.000000e+02 3.475971e-01
8.000000e+02 3.623365e-01
8.000000e+02 3.777008e-01
8.000000e+02 3.937167e-01
8.000000e+02 4.104117e-01
8.000000e+02 4.278146e-01
8.000000e+02 4.459555e-01
8.000000e+02 4.648656e-01
8.000000e+02 4.845776e-01
8.000000e+02 5.051254e-01
8.000000e+02 5.265445e-01
8.000000e+02 5.488712e-01
8.000000e+02 5.721453e-01
8.000000e+02 5.964063e-01
8.000000e+02 6.216961e-01
8.000000e+02 6.480582e-01
8.000000e+02 6.755382e-01
8.000000e+02 7.041835e-01
8.000000e+02 7.340433e-01
8.000000e+02 7.651693e-01
8.000000e+02 7.976153e-01
8.000000e+02 8.314371e-01
8.000000e+02 8.666930e-01
8.000000e+02 9.034438e-01
8.000000e+02 9.417530e-01
8.000000e+02 9.816868e-01
8.000000e+02 1.023314e+00
8.000000e+02 1.066706e+00
8.000000e+02 1.111938e+00
8.000000e+02 1.159088e+00
8.000000e+02 1.208238e+00
8.000000e+02 1.259471e+00
8.000000e+02 1.312877e+00
8.000000e+02 1.368548e+00
8.000000e+02 1.426579e+00
8.000000e+02 1.487071e+00
8.000000e+02 1.550129e+00
8.000000e+02 1.615859e+00
8.000000e+02 1.684378e+00
8.000000e+02 1.755801e+00
8.000000e+02 1.830253e+00
8.000000e+02 1.907863e+00
8.000000e+02 1.988763e+00
8.000000e+02 2.073094e+00
8.000000e+02 2.161000e+00
8.000000e+02 2.252632e+00
8.000000e+02 2.348151e+00
8.000000e+02 2.447722e+00
8.000000e+02 2.551513e+00
8.000000e+02 2.659707e+00
8.000000e+02 2.772488e+00
8.000000e+02 2.890051e+00
8.000000e+02 3.012600e+00
8.000000e+02 3.140345e+00
8.000000e+02 3.273506e+00
8.000000e+02 3.412315e+00
8.000000e+02 3.557009e+00
8.000000e+02 3.707839e+00
8.000000e+02 3.865065e+00
8.000000e+02 4.028957e+00
8.000000e+02 4.199800e+00
8.000000e+02 4.377886e+00
8.000000e+02 4.563524e+00
8.000000e+02 4.757034e+00
8.000000e+02 4.958749e+00
8.000000e+02 5.169017e+00
8.000000e+02 5.388196e+00
8.000000e+02 5.616675e+00
8.000000e+02 5.854842e+00
8.000000e+02 6.103108e+00
8.000000e+02 6.361902e+00
8.000000e+02 6.631669e+00
8.000000e+02 6.912876e+00
8.000000e+02 7.206006e+00
8.000000e+02 7.511566e+00
8.000000e+02 7.830084e+00
8.000000e+02 8.162107e+00
8.000000e+02 8.508209e+00
8.000000e+02 8.868988e+00
8.000000e+02 9.245065e+00
8.000000e+02 9.637089e+00
8.000000e+02 1.004574e+01
8.000000e+02 1.047171e+01
8.000000e+02 1.091575e+01
8.000000e+02 1.137861e+01
8.000000e+02 1.186111e+01
8.000000e+02 1.236406e+01
8.000000e+02 1.288834e+01
8.000000e+02 1.343485e+01
8.000000e+02 1.400454e+01
8.000000e+02 1.459838e+01
8.000000e+02 1.521740e+01
8.000000e+02 1.586267e+01
8.000000e+02 1.653530e+01
8.000000e+02 1.723646e+01
8.000000e+02 1.796735e+01
8.000000e+02 1.872923e+01
8.000000e+02 1.952341e+01
8.000000e+02 2.035127e+01
8.000000e+02 2.121424e+01
8.000000e+02 2.211380e+01
8.000000e+02 2.305150e+01
8.000000e+02 2.402897e+01
8.000000e+02 2.504788e+01
8.000000e+02 2.611000e+01
8.000000e+02 2.721716e+01
8.000000e+02 2.837125e+01
8.000000e+02 2.957429e+01
8.000000e+02 3.082835e+01
8.000000e+02 3.213558e+01
8.000000e+02 3.349824e+01
8.000000e+02 3.491869e+01
8.000000e+02 3.639937e+01
8.000000e+02 3.794283e+01
8.000000e+02 3.955174e+01
8.000000e+02 4.122887e+01
8.000000e+02 4.297713e+01
8.000000e+02 4.479951e+01
8.000000e+02 4.669917e+01
8.000000e+02 4.867938e+01
8.000000e+02 5.074353e+01
8.000000e+02 5.289524e+01
8.000000e+02 5.513819e+01
8.000000e+02 5.747624e+01
8.000000e+02 5.991344e+01
8.000000e+02 6.245398e+01
8.000000e+02 6.510225e+01
8.000000e+02 6.786282e+01
8.000000e+02 7.074045e+01
8.000000e+02 7.374009e+01
8.000000e+02 7.686694e+01
8.000000e+02 8.012637e+01
8.000000e+02 8.352401e+01
8.000000e+02 8.706573e+01
8.000000e+02 9.075758e+01
8.000000e+02 9.460602e+01
8.000000e+02 9.861765e+01
8.000000e+02 1.027994e+02
8.000000e+02 1.071585e+02
8.000000e+02 1.117023e+02
8.000000e+02 1.164389e+02
8.000000e+02 1.213764e+02
8.000000e+02 1.265232e+02
8.000000e+02 1.318882e+02
8.000000e+02 1.374807e+02
8.000000e+02 1.433104e+02
8.000000e+02 1.493872e+02
8.000000e+02 1.557218e+02
8.000000e+02 1.623249e+02
8.000000e+02 1.692080e+02
8.000000e+02 1.763830e+02
8.000000e+02 1.838623e+02
8.000000e+02 1.916587e+02
8.000000e+02 1.997858e+02
8.000000e+02 2.082574e+02
8.000000e+02 2.170882e+02
8.000000e+02 2.262936e+02
8.000000e+02 2.358892e+02
8.000000e+02 2.458918e+02
8.000000e+02 2.563184e+02
8.000000e+02 2.671873e+02
8.000000e+02 2.785170e+02
8.000000e+02 2.903269e+02
8.000000e+02 3.026378e+02
8.000000e+02 3.154707e+02
8.000000e+02 3.288478e+02
8.000000e+02 3.427921e+02
8.000000e+02 3.573277e+02
8.000000e+02 3.724797e+02
8.000000e+02 3.882742e+02
8.000000e+02 4.047384e+02
8.000000e+02 4.219007e+02
8.000000e+02 4.397908e+02
8.000000e+02 4.584395e+02
8.000000e+02 4.778790e+02
8.000000e+02 4.981428e+02
8.000000e+02 5.192658e+02
8.000000e+02 5.412842e+02
8.000000e+02 5.642366e+02
8.000000e+02 5.881622e+02
8.000000e+02 6.131025e+02
8.000000e+02 6.391002e+02
8.000000e+02 6.662003e+02
8.000000e+02 6.944496e+02
8.000000e+02 7.238967e+02
8.000000e+02 7.545925e+02
8.000000e+02 7.865899e+02
8.000000e+02 8.199441e+02
8.000000e+02 8.547127e+02
8.000000e+02 8.909555e+02
8.000000e+02 9.287353e+02
8.000000e+02 9.681164e+02
8.000000e+02 1.009168e+03
8.000000e+02 1.051960e+03
8.000000e+02 1.096567e+03
8.000000e+02 1.143066e+03
8.000000e+02 1.191536e+03
8.000000e+02 1.242061e+03
8.000000e+02 1.294729e+03
8.000000e+02 1.349630e+03
8.000000e+02 1.406859e+03
8.000000e+02 1.466515e+03
8.000000e+02 1.528700e+03
8.000000e+02 1.593523e+03
8.000000e+02 1.661094e+03
8.000000e+02 1.731530e+03
8.000000e+02 1.804953e+03
8.000000e+02 1.881489e+03
8.000000e+02 1.961272e+03
8.000000e+02 2.044436e+03
8.000000e+02 2.131128e+03
8.000000e+02 2.221495e+03
8.000000e+02 2.315692e+03
8.000000e+02 2.413885e+03
8.000000e+02 2.516243e+03
8.000000e+02 2.622940e+03
8.000000e+02 2.734162e+03
8.000000e+02 2.850101e+03
8.000000e+02 2.970955e+03
8.000000e+02 3.096934e+03
8.000000e+02 3.228255e+03
8.000000e+02 3.365145e+03
8.000000e+02 3.507839e+03
8.000000e+02 3.656584e+03
8.000000e+02 3.811636e+03
8.000000e+02 3.973263e+03
8.000000e+02 4.141743e+03
8.000000e+02 4.317368e+03
8.000000e+02 4.500440e+03
8.000000e+02 4.691275e+03
8.000000e+02 4.890202e+03
8.000000e+02 5.097564e+03
8.000000e+02 5.313718e+03
8.000000e+02 5.539039e+03
8.000000e+02 5.773914e+03
8.000000e+02 6.018748e+03
8.000000e+02 6.273965e+03
8.000000e+02 6.540003e+03
8.000000e+02 6.817323e+03
8.000000e+02 7.106402e+03
8.000000e+02 7.407738e+03
8.000000e+02 7.721844e+03
8.000000e+02 8.049279e+03
8.000000e+02 8.390596e+03
8.000000e+02 8.746388e+03
8.000000e+02 9.117266e+03
8.000000e+02 9.503871e+03
8.000000e+02 9.906869e+03
8.000000e+02 1.032695e+04
8.000000e+02 1.076485e+04
8.000000e+02 1.122132e+04
8.000000e+02 1.169715e+04
8.000000e+02 1.219315e+04
8.000000e+02 1.271018e+04
8.000000e+02 1.324914e+04
8.000000e+02 1.381095e+04
8.000000e+02 1.439658e+04
8.000000e+02 1.500705e+04
8.000000e+02 1.564340e+04
8.000000e+02 1.630674e+04
8.000000e+02 1.699820e+04
8.000000e+02 1.771898e+04
8.000000e+02 1.847033e+04
8.000000e+02 1.925354e+04
8.000000e+02 2.006996e+04
8.000000e+02 2.092100e+04
8.000000e+02 2.180812e+04
8.000000e+02 2.273286e+04
8.000000e+02 2.369682e+04
8.000000e+02 2.470162e+04
8.000000e+02 2.574906e+04
8.000000e+02 2.684091e+04
8.000000e+02 2.797906e+04
8.000000e+02 2.916547e+04
8.000000e+02 3.040219e+04
8.000000e+02 3.169135e+04
8.000000e+02 3.303518e+04
8.000000e+02 3.443599e+04
8.000000e+02 3.589620e+04
8.000000e+02 3.741833e+04
8.000000e+02 3.900500e+04
8.000000e+02 4.065895e+04
8.000000e+02 4.238303e+04
8.000000e+02 4.418022e+04
8.000000e+02 4.605362e+04
8.000000e+02 4.800646e+04
8.000000e+02 5.004211e+04
8.000000e+02 5.216407e+04
8.000000e+02 5.437601e+04
8.000000e+02 5.668175e+04
8.000000e+02 5.908526e+04
8.000000e+02 6.159068e+04
8.000000e+02 6.420234e+04
8.000000e+02 6.692476e+04
8.000000e+02 6.976260e+04
8.000000e+02 7.272079e+04
8.000000e+02 7.580441e+04
8.000000e+02 7.901878e+04
8.000000e+02 8.236938e+04
8.000000e+02 8.586213e+04
8.000000e+02 8.950299e+04
8.000000e+02 9.329823e+04
8.000000e+02 9.725441e+04
8.000000e+02 1.013784e+05
